2025;34;2025.08.23.;0;0 Ft;16;2 753 665 Ft;1832;26 340 Ft;55631;3 280 Ft;6;24;77;88;89
2025;33;2025.08.16.;0;0 Ft;30;1 471 870 Ft;2022;23 920 Ft;56492;3 240 Ft;6;23;39;59;61
2025;32;2025.08.09.;0;0 Ft;41;1 072 155 Ft;2442;19 715 Ft;60351;3 020 Ft;6;24;42;53;61
2025;31;2025.08.02.;0;0 Ft;14;3 120 250 Ft;2061;22 310 Ft;56063;3 160 Ft;3;55;81;83;85
2025;30;2025.07.26.;1;4 077 794 905 Ft;66;857 490 Ft;4217;14 700 Ft;97889;2 395 Ft;2;17;27;29;55
2025;29;2025.07.19.;0;0 Ft;26;2 078 405 Ft;2340;25 295 Ft;70838;3 160 Ft;10;36;39;47;72
2025;28;2025.07.12.;0;0 Ft;42;1 263 850 Ft;3002;19 365 Ft;71522;3 075 Ft;16;23;50;52;74
2025;27;2025.07.05.;0;0 Ft;43;1 221 440 Ft;3783;15 205 Ft;91630;2 375 Ft;4;12;21;76;79
2025;26;2025.06.28.;0;0 Ft;24;2 125 800 Ft;2352;22 725 Ft;64165;3 220 Ft;18;56;61;63;75
2025;25;2025.06.21.;0;0 Ft;13;3 965 285 Ft;1524;35 515 Ft;51529;4 150 Ft;46;48;79;81;83
2025;24;2025.06.14.;0;0 Ft;37;1 524 845 Ft;3102;19 095 Ft;79099;2 890 Ft;2;17;37;44;78
2025;23;2025.06.07.;0;0 Ft;36;1 376 935 Ft;3293;15 845 Ft;83730;2 460 Ft;8;13;36;77;82
2025;22;2025.05.31.;0;0 Ft;22;2 226 585 Ft;3073;16 780 Ft;78785;2 520 Ft;5;8;14;72;85
2025;21;2025.05.24.;0;0 Ft;18;2 743 760 Ft;2188;23 760 Ft;61014;3 280 Ft;20;28;52;55;70
2025;20;2025.05.17.;0;0 Ft;34;1 477 655 Ft;2944;17 965 Ft;79894;2 550 Ft;7;22;26;33;50
2025;19;2025.05.10.;0;0 Ft;13;3 773 380 Ft;2445;21 120 Ft;71851;2 765 Ft;4;11;73;77;87
2025;18;2025.05.03.;0;0 Ft;18;2 576 985 Ft;1713;28 505 Ft;52595;3 575 Ft;6;32;49;62;71
2025;17;2025.04.26.;0;0 Ft;10;4 695 785 Ft;1552;31 850 Ft;51224;3 715 Ft;15;26;35;74;90
2025;16;2025.04.19.;0;0 Ft;39;1 245 050 Ft;3112;16 425 Ft;81376;2 420 Ft;4;17;49;55;56
2025;15;2025.04.12.;0;0 Ft;12;4 066 975 Ft;1860;27 620 Ft;56971;3 470 Ft;9;41;49;52;85
2025;14;2025.04.05.;0;0 Ft;24;1 983 970 Ft;2106;23 800 Ft;57988;3 330 Ft;2;29;55;81;89
2025;13;2025.03.29.;0;0 Ft;14;3 377 945 Ft;1782;27 935 Ft;52736;3 635 Ft;29;37;68;79;83
2025;12;2025.03.22.;0;0 Ft;19;2 529 275 Ft;2242;22 565 Ft;63064;3 090 Ft;8;35;39;47;77
2025;11;2025.03.15.;0;0 Ft;50;965 715 Ft;3633;13 990 Ft;86325;2 265 Ft;4;13;16;31;77
2025;10;2025.03.08.;1;4 054 838 585 Ft;66;919 525 Ft;4283;15 520 Ft;103092;2 440 Ft;8;11;22;53;64
2025;9;2025.03.01.;0;0 Ft;22;2 667 415 Ft;2775;23 160 Ft;83677;2 905 Ft;7;28;48;59;90
2025;8;2025.02.22.;0;0 Ft;21;2 839 335 Ft;2358;27 695 Ft;72078;3 425 Ft;1;15;34;50;89
2025;7;2025.02.15.;0;0 Ft;22;2 663 635 Ft;2199;29 185 Ft;71285;3 405 Ft;10;42;57;65;81
2025;6;2025.02.08.;0;0 Ft;14;4 051 320 Ft;1544;40 235 Ft;59045;3 980 Ft;56;61;66;72;76
2025;5;2025.02.01.;0;0 Ft;74;737 065 Ft;4526;13 200 Ft;107727;2 100 Ft;2;3;7;26;79
2025;4;2025.01.25.;0;0 Ft;36;1 472 295 Ft;3298;17 600 Ft;86465;2 540 Ft;1;7;25;52;59
2025;3;2025.01.18.;0;0 Ft;17;3 116 980 Ft;2200;25 235 Ft;65628;3 270 Ft;10;29;34;43;83
2025;2;2025.01.11.;0;0 Ft;32;1 680 250 Ft;2605;21 670 Ft;76181;2 930 Ft;2;21;28;58;84
2025;1;2025.01.04.;0;0 Ft;33;1 575 535 Ft;2292;23 820 Ft;61999;3 395 Ft;16;33;46;55;86
2024;52;2024.12.28.;0;0 Ft;15;3 239 615 Ft;1897;26 965 Ft;56262;3 500 Ft;28;56;57;59;80
2024;51;2024.12.21.;0;0 Ft;36;1 452 215 Ft;2763;19 915 Ft;72860;2 910 Ft;19;34;49;51;81
2024;50;2024.12.14.;0;0 Ft;22;2 528 275 Ft;2870;20 400 Ft;83114;2 710 Ft;13;41;49;53;58
2024;49;2024.12.07.;0;0 Ft;51;974 065 Ft;3070;17 035 Ft;73702;2 730 Ft;4;29;35;55;68
2024;48;2024.11.30.;0;0 Ft;41;1 164 355 Ft;2716;18 500 Ft;64648;2 995 Ft;27;33;64;67;85
2024;47;2024.11.23.;0;0 Ft;20;2 347 585 Ft;2235;22 115 Ft;67341;2 825 Ft;13;23;40;68;87
2024;46;2024.11.16.;0;0 Ft;26;1 805 910 Ft;2166;22 820 Ft;67268;2 830 Ft;3;39;65;73;77
2024;45;2024.11.09.;0;0 Ft;17;2 779 150 Ft;1789;27 800 Ft;55569;3 445 Ft;3;40;50;53;80
2024;44;2024.11.02.;0;0 Ft;31;1 450 345 Ft;2736;17 300 Ft;65624;2 775 Ft;21;48;51;52;77
2024;43;2024.10.26.;0;0 Ft;23;1 969 865 Ft;1970;24 210 Ft;60832;3 020 Ft;17;20;29;30;44
2024;42;2024.10.19.;1;6 613 905 020 Ft;147;545 925 Ft;10767;7 845 Ft;189166;1 720 Ft;3;10;12;13;33
2024;41;2024.10.12.;0;0 Ft;19;3 666 610 Ft;2272;32 275 Ft;75736;3 730 Ft;17;61;66;72;88
2024;40;2024.10.05.;0;0 Ft;17;3 845 610 Ft;2162;33 120 Ft;71922;3 765 Ft;20;44;72;73;82